1	899.3570	-3281.1852	202.71
2	73.1153	-3249.2151	204.54
3	558.7688	-3273.0004	205.30
4	413.3276	-3267.3728	206.36
5	-133.0415	-3258.8514	206.36
6	763.5645	-3298.5379	206.36
7	207.1609	-3277.0087	206.53
8	994.6738	-3339.2340	206.56
9	-26.4021	-3299.7251	206.56
10	899.9481	-3387.2074	206.90
11	64.3334	-3354.8746	206.90
12	760.3289	-3409.3156	207.49
13	199.2743	-3438.6747	208.12
14	839.6680	-3428.9779	208.32
15	327.4750	-3437.2932	210.32
16	952.7217	-3444.2605	208.32
17	7.3091	-3407.6792	208.32
18	872.3464	-3474.3954	208.49
19	136.5072	-3579.8934	210.05
20	1007.3312	-3481.0194	209.47
21	364.0987	-3495.2852	211.93
22	666.7430	-3472.8346	209.93
23	792.5580	-3481.3456	210.63
24	415.2356	-3501.1839	211.00
25	833.0260	-3546.3217	212.18
26	386.0324	-3559.9781	212.72
27	947.3206	-3544.2764	211.79
28	405.5117	-3562.7633	212.79
29	801.5147	-3570.6527	212.26
30	400.8996	-3541.0877	212.13
31	569.2591	-3560.9242	212.13
32	1039.1333	-3558.3969	212.13
33	312.8824	-3569.7471	212.23
34	667.6003	-3595.2529	212.83
35	472.2820	-3635.1309	212.13
36	869.6023	-3560.5737	212.60
37	-106.7688	-3575.6261	212.10
38	-168.7310	-3525.3207	212.65
39	496.0068	-3639.5876	212.65
40	565.0221	-3628.6512	212.70
41	1037.9133	-3590.4437	212.91
42	850.4693	-3584.8521	213.50
43	945.5468	-3592.9643	213.50
44	365.8281	-3555.9343	213.50
45	632.4544	-3689.6902	210.29
46	514.5910	-3726.1226	210.16
47	352.8410	-3630.8177	212.16
48	135.7911	-3694.8741	210.91
49	582.6793	-3683.8952	210.71
50	558.6512	-3763.6526	210.25
51	762.3710	-3646.0020	209.09
52	118.0112	-3609.9507	210.12
53	519.2197	-3771.2036	210.23
54	576.6322	-3776.6475	210.26
55	248.4076	-3797.4914	210.26
56	-131.8827	-3622.5481	211.30
57	247.7755	-3876.8867	210.30
58	36.1528	-3778.2561	212.01
59	694.9625	-3663.9656	209.02
60	-59.9311	-3643.7591	212.62
61	224.2743	-3831.6220	210.31
62	721.5739	-3681.0403	209.31
63	846.6536	-3689.9331	209.00
64	285.2874	-3610.7902	210.00
65	539.1524	-3823.7636	210.27
66	467.3662	-3820.9860	210.28
67	200.4770	-3563.9512	210.02
68	642.8521	-3842.3887	210.02
69	572.3716	-3830.8934	210.02
70	601.8761	-3843.4857	210.02
71	111.1789	-3631.9542	210.62
72	801.7817	-3683.5951	209.15
73	306.4635	-3646.4757	210.15
74	616.5712	-3859.4336	210.15
75	723.6134	-3728.1644	209.15
76	783.4544	-3735.2434	209.01
77	316.6248	-3593.5509	212.01
78	214.2465	-3682.6375	210.01
79	268.0521	-3660.5110	210.14
80	758.1223	-3741.0809	209.14
81	616.1254	-3735.8042	210.14
82	450.1308	-3870.7067	210.14
83	451.0493	-3871.0225	210.46
84	846.5577	-3763.5344	208.57
85	279.6957	-3684.1789	210.57
86	-191.1307	-3678.9825	211.18
87	461.7744	-3894.3746	210.58
88	723.2118	-3767.7685	208.58
89	856.7425	-3778.6095	208.58
90	268.3865	-3698.4223	210.58
91	818.6413	-3782.5593	209.58
92	306.0586	-3705.3040	210.71
93	511.1401	-3916.3898	210.71
94	488.1374	-3915.4997	210.71
95	-184.5124	-3760.9267	211.11
96	776.0857	-3803.0893	210.71
97	40.2360	-3749.2836	212.66
98	-177.5265	-3725.5519	211.10
99	-115.2282	-3754.2395	211.10
100	155.1715	-3731.0192	212.87
101	231.2234	-3810.3073	210.49
102	255.0263	-3742.7217	210.99
103	57.6099	-3683.7332	210.63
104	626.5020	-3811.6721	210.76
105	301.9952	-3855.2290	210.76
106	667.9122	-3816.3467	210.76
107	413.6774	-3718.2452	210.76
108	813.4826	-3853.0325	211.12
109	743.5516	-3831.5316	211.26
110	683.9071	-3882.5118	211.26
111	927.5485	-3893.3630	211.26
112	692.3693	-3859.4145	211.26
113	-31.9451	-3754.2177	213.26
114	766.0858	-3872.7247	211.50
115	838.5633	-3882.9847	211.50
116	814.3172	-3888.6214	211.50
117	181.1161	-3807.9599	211.70
118	730.5724	-3887.9029	211.70
119	594.6897	-3886.3780	211.70
120	637.9432	-3906.6749	211.70
121	676.5458	-3927.6337	211.70
122	245.3085	-3910.9477	211.86
123	376.3800	-3916.0293	212.00
124	606.8009	-3925.6356	212.00
125	314.9993	-3914.3448	212.02
126	775.9708	-3932.2714	212.02
127	145.8224	-3907.8888	212.22
128	-235.4146	-4129.3823	212.22
129	742.3947	-3934.6250	212.56
130	179.1262	-3912.8302	212.56
131	704.4082	-3949.5774	212.56
132	776.6295	-3952.4920	212.56
133	143.6032	-3927.9981	212.56
134	396.3182	-3938.4470	212.56
135	7.2571	-3927.8462	213.56
136	1030.7337	-3907.1229	212.56
137	79.4884	-3930.7612	213.24
138	390.4887	-3943.2351	213.24
139	-20.8604	-3937.3261	213.24
140	-62.1397	-3936.2493	213.24
141	436.8046	-3955.8754	213.24
142	751.7859	-3970.9853	213.24
143	166.9435	-3948.3557	213.25
144	54.6348	-3949.2540	213.31
145	-186.6095	-3883.9092	213.62
146	358.4264	-3972.1571	213.31
147	582.7859	-3999.0119	213.31
148	333.2726	-3989.3574	213.49
149	632.7450	-4002.5862	213.49
150	283.1866	-3989.0606	213.49
151	-151.4436	-4361.9005	218.70
152	161.3186	-3394.2469	207.57
153	778.9455	-4010.3148	213.49
154	136.8260	-3985.4690	213.67
155	146.9285	-3380.6468	207.39
156	-22.7580	-3979.3842	213.67
157	718.3187	-4009.3199	213.67
158	197.3485	-3989.1618	213.67
159	111.7815	-3325.2503	206.69
160	326.0255	-3329.8134	207.70
161	281.4157	-3326.2239	207.61
162	21.1776	-3987.5891	213.67
163	519.9284	-4010.9205	214.16
164	395.0219	-4006.0874	214.16
165	112.2554	-3457.5650	208.57
166	830.3492	-4029.8369	214.16
167	84.0676	-4000.9607	214.46
168	481.8579	-4028.3015	214.46
169	431.6355	-4026.3582	214.46
170	306.6782	-3396.1447	209.14
171	250.8360	-3345.5374	207.62
172	725.7732	-4053.8314	214.49
173	186.4868	-4032.9646	214.49
174	508.2213	-4049.4166	214.49
175	403.7195	-4045.3731	214.49
176	205.4344	-3362.4139	207.51
177	28.6225	-4032.0902	214.49
178	145.7968	-3313.5231	206.69
179	329.5788	-4067.2328	214.62
180	670.5210	-4080.4951	214.62
181	-6.6598	-3350.4807	207.36
182	-73.4664	-3342.3057	207.64
183	-94.9535	-3367.5609	208.42
184	-155.2042	-3386.4757	209.77
185	-1.8303	-4058.7327	214.62
186	-58.8805	-3447.2166	209.84
187	-26.6301	-4058.7638	214.62
188	783.3225	-4090.9143	214.62
189	-76.6400	-3887.2569	213.63
190	723.1137	-4093.3382	214.62
191	-116.8378	-3869.8490	213.62
192	822.9804	-4097.6827	214.62
193	86.1718	-4069.1731	215.05
194	882.8219	-4104.7517	215.05
195	25.9730	-4071.5973	215.05
196	-22.8596	-3431.8403	209.17
197	85.6971	-3421.1341	208.20
198	641.7865	-4101.7800	215.05
199	-215.3439	-3876.4011	213.05
200	928.4169	-4116.6235	215.05
201	-20.4031	-4079.9104	215.05
202	963.2532	-4119.4626	215.23
203	-55.3546	-4080.0491	215.23
204	44.1530	-3482.8799	209.46
205	-10.7014	-3503.1173	211.02
206	-116.6765	-3495.2902	211.50
207	-92.7518	-3455.2226	210.35
208	-159.7157	-3581.0531	212.18
209	628.8964	-4125.3292	215.47
210	-228.2341	-3899.9503	213.47
211	396.4216	-3293.4073	206.87
212	376.2924	-3331.7584	207.60
213	378.1441	-3380.2767	208.46
214	378.0621	-3430.5834	209.33
215	430.1699	-3426.1020	209.47
216	455.6172	-3401.9076	208.51
217	884.8610	-4151.8858	215.47
218	20.2879	-4118.4325	215.47
219	682.6061	-4147.8427	215.47
220	-193.2137	-3934.7938	215.47
221	456.9131	-3368.4179	207.68
222	918.9968	-4162.2234	215.47
223	-14.5346	-4126.1019	216.16
224	1007.2954	-4168.6222	216.16
225	468.3095	-3314.8223	206.71
226	728.5890	-4161.0705	216.16
227	-128.5415	-3935.6916	213.16
228	339.6664	-4249.3242	216.16
229	317.9460	-4148.0335	216.16
230	544.7128	-3315.9152	206.39
231	31.4383	-4139.3293	216.28
232	290.2169	-4263.6130	216.45
233	366.1535	-4166.1009	216.45
234	232.5559	-4264.5943	216.45
235	177.4172	-4262.4607	216.63
236	625.9094	-3337.6903	206.56
237	690.0003	-3319.6735	206.29
238	680.6816	-3367.7596	206.96
239	661.8382	-3421.0671	208.56
240	610.3332	-3488.2494	210.84
241	558.4855	-3469.4078	210.61
242	-179.7159	-4162.5124	215.65
243	686.6966	-4201.9613	216.63
244	-170.4338	-3976.5824	215.63
245	784.1854	-4206.7243	216.63
246	-72.9451	-3981.3453	213.63
247	251.7275	-4289.2339	216.63
248	896.7575	-4215.0530	216.63
249	3.5459	-4180.4916	216.63
250	910.7362	-4215.8741	217.00
251	-10.4444	-4180.2305	217.12
252	813.1713	-4213.0797	217.12
253	87.0347	-4184.9830	217.15
254	567.3935	-3404.3693	208.51
255	-212.7193	-3982.3718	215.15
256	557.9509	-3359.2840	207.43
257	-199.2844	-4176.5764	215.55
258	952.4479	-4224.9136	217.86
259	-52.7299	-4186.0199	217.86
260	347.5950	-4318.0522	217.86
261	304.7304	-4215.9433	216.86
262	252.1750	-4318.7933	217.96
263	609.4016	-3523.3847	211.46
264	1001.4767	-4248.1367	217.96
265	-103.4165	-4205.3846	217.96
266	620.5371	-3545.9533	212.13
267	-171.5107	-4011.3968	215.56
268	515.1527	-3597.9977	212.42
269	526.8383	-3532.2431	212.24
270	532.3802	-3586.8348	212.28
271	134.5357	-4339.2602	218.10
272	451.3276	-3561.3387	211.58
273	-181.6367	-4231.8100	218.10
274	684.3698	-4268.8214	218.10
275	211.1539	-4250.5110	216.43
276	907.8902	-4282.7040	218.43
277	-12.7809	-4247.0801	218.43
278	227.8819	-4358.2336	218.43
279	174.8416	-4356.1812	218.43
280	345.6013	-4366.7315	218.43
281	483.1311	-3510.3960	211.54
282	-172.7607	-4043.4424	215.10
283	463.8139	-3431.3887	210.33
284	999.7025	-4296.8345	218.70
285	-105.4106	-4254.0739	218.70
286	246.7205	-4392.2574	218.70
287	153.4403	-4388.6480	218.70
288	-244.7238	-4358.2911	218.70
289	-204.2911	-4279.5898	218.70
290	229.3648	-4418.9663	218.91
291	345.7606	-3462.3134	210.57
292	296.6693	-3510.6345	210.51
293	646.6838	-4343.5101	218.91
294	126.1314	-3532.6352	209.48
295	325.3308	-4432.0466	218.91
296	72.8408	-3608.8331	210.68
297	265.4516	-4430.6103	219.25
298	131.7916	-4425.4385	219.25
299	-132.7125	-4400.2534	219.25
300	75.6296	-4323.0053	219.38
301	816.8311	-4434.8070	219.38
302	-50.4673	-4321.7789	220.25
303	1014.8654	-4363.5206	220.32
304	-125.6811	-4319.3890	220.32
305	5.6023	-3611.8214	211.56
306	-185.5603	-4317.9527	220.32
307	242.9203	-4469.7784	220.32
308	229.3614	-4473.3668	220.32
309	164.4700	-4470.8560	220.30
310	-155.2438	-4439.4215	220.32
311	-168.8027	-4443.0099	220.52
312	-233.6941	-4440.4991	220.37
313	390.5901	-3637.2485	211.72
314	452.4494	-3676.9086	211.45
315	573.0106	-3596.5098	212.40
316	610.9553	-3627.7913	212.15
317	559.3205	-3661.1966	211.58
318	583.5131	-3710.5794	210.22
319	374.6904	-3806.8458	210.55
320	916.5484	-3729.0556	209.55
321	729.7477	-4524.7673	221.12
322	146.1244	-4502.1849	220.10
323	523.5910	-4534.4035	221.12
324	350.9302	-4527.7227	223.08
325	-252.0397	-4471.8280	220.12
326	-173.5601	-4512.6723	220.97
327	869.0312	-4558.4077	223.97
328	4.6580	-4524.9622	220.32
329	953.4332	-3691.3529	210.57
330	989.3822	-3677.8372	211.55
331	1024.2612	-3643.7835	212.51
332	916.7543	-3771.9201	209.53
333	958.8644	-3743.7362	210.69
334	991.6558	-3763.6384	211.57
335	998.0128	-3840.2810	211.71
336	949.9676	-3829.1053	210.42
337	981.1652	-3938.3855	212.54
338	902.3443	-3855.2125	210.38
339	883.4490	-3813.4881	209.45
340	887.6563	-3897.5008	211.52
341	824.2032	-3947.2188	212.63
342	902.0363	-3959.5471	212.54
343	850.1135	-4000.3946	213.54
344	901.6663	-4017.2960	213.52
345	988.2422	-3996.4226	213.54
346	983.6447	-4067.0513	214.59
347	888.6241	-4065.2380	214.41
348	605.4239	-4059.8700	214.38
349	569.6088	-4118.1108	215.44
350	505.7958	-4177.1315	215.51
351	426.0189	-4215.0379	215.59
352	437.7854	-4103.6934	215.40
353	262.5660	-4102.5036	215.51
354	149.4318	-4086.9461	215.43
355	80.2495	-4140.1691	216.33
356	176.9880	-4145.7755	216.52
357	247.8061	-4146.6524	216.38
358	-106.1922	-4043.5151	215.49
359	-137.9238	-4092.5972	215.31
360	61.1081	-4249.3649	218.25
361	27.0829	-4309.5384	219.44
362	-20.0465	-4371.0679	220.15
363	-91.8005	-4394.3782	219.67
364	-113.2975	-4468.0797	220.37
365	-192.0664	-4479.9385	220.72
366	-86.6672	-4502.6500	220.53
367	0.9065	-4504.1752	220.30
368	3.4982	-4437.1956	220.13
369	64.7195	-4445.1545	219.74
370	54.2071	-4379.5311	219.65
371	-70.6534	-4281.5333	219.31
372	145.5243	-4284.3080	217.51
373	145.4723	-4189.2761	216.77
374	249.2258	-4206.3339	216.59
375	297.6009	-4353.5455	218.30
376	399.7806	-4363.0893	218.52
377	401.5084	-4318.4362	217.62
378	456.1567	-4255.3340	216.51
379	527.9107	-4232.0238	216.48
380	618.3540	-4207.5735	216.54
381	792.0616	-4247.8347	217.54
382	828.4944	-4318.1877	218.28
383	937.6170	-4341.0433	219.37
384	893.4293	-4374.7368	219.37
385	911.9646	-4425.7640	220.60
386	967.0049	-4545.2835	221.47
387	852.0090	-4529.6540	222.84
388	813.8483	-4503.9541	221.54
389	830.3981	-4461.7378	220.41
390	743.6782	-4486.3323	220.49
391	742.6184	-4417.3481	219.50
392	729.9663	-4310.6486	218.38
393	654.6947	-4376.6793	219.31
394	644.1522	-4456.3946	220.26
395	671.1424	-4481.6623	220.57
396	564.6634	-4486.8589	220.58
397	573.7042	-4397.7689	219.44
398	564.5495	-4345.2414	218.69
399	588.1241	-4266.0304	217.37
400	505.1998	-4288.9084	217.35
401	472.7483	-4356.5960	218.63
402	472.0904	-4421.7871	219.49
403	395.1832	-4433.7179	219.37
404	507.0215	-4482.7653	220.39
405	452.7431	-4488.1183	220.24
406	363.6675	-4477.2184	220.53
407	340.8948	-4487.5172	221.32
408	275.1580	-4499.8803	221.51
409	464.2716	-4141.9848	215.46
410	560.9381	-4149.4519	215.48
411	87.5449	-3844.9972	212.40
412	78.1201	-3781.9642	212.91
413	289.5912	-3791.8405	210.38
414	346.8110	-3758.4859	210.63
415	417.4947	-3771.3833	210.57
416	471.6481	-3773.4787	210.40
417	510.5526	-3863.0586	210.45
418	379.3953	-3880.0022	211.46
419	409.8657	-3837.1440	210.37
420	201.1885	-3536.0526	209.61
421	216.7936	-3614.5685	210.01
422	37.8794	-3858.3192	212.67
423	730.5307	-3653.0778	209.13
424	721.4895	-3623.9344	210.71
425	718.7593	-3606.8914	211.58
426	699.6297	-3575.6639	212.37
427	675.7504	-3535.7839	211.42
428	760.5613	-3533.9843	211.43
429	706.0244	-3497.9992	210.55
430	792.3587	-3369.2281	207.32
